2.5 2.5
2.309944549603951014e+00 1.038280575463185862e+00
2.186293700758277225e+00 2.615862990042396863e-01
2.073241265330489025e+00 1.940377458543868228e-01
1.970412056049763994e+00 2.153156515086060152e-01
1.877226298999479903e+00 2.437991206285927692e-01
1.796317123179848263e+00 2.795734391629711713e-01
1.719037974133481583e+00 3.268096493305279182e-01
1.649170446507215892e+00 3.988941923508850240e-01
1.588260894462113049e+00 5.051633914790006896e-01
1.531993441653058063e+00 6.659555294136084713e-01
1.435879149403331390e+00 8.733333909108249582e-01
1.296728354092759661e+00 1.147722554985432630e+00
1.173923656618226063e+00 1.464610963226640639e+00
1.061827032204161414e+00 1.785109563713388026e+00
9.599333303349728563e-01 2.090872261451521830e+00
8.700686509964002946e-01 2.363548778413641305e+00
7.844386175227645586e-01 2.614414135487824531e+00
7.107285674752303883e-01 2.843009433076042480e+00
6.451261972198438777e-01 3.046286061665062661e+00
5.830399164733901518e-01 3.234920172585257880e+00
5.749197310691361862e-01 3.403808731783080521e+00
6.169117053011415885e-01 3.553340244962170047e+00
6.534170262640545124e-01 3.692557728784924720e+00
6.837795713020466959e-01 3.816222354640703696e+00
7.151716963220714485e-01 3.930027927654768938e+00
7.447109145217118975e-01 4.032770126303512725e+00
7.665030632587515047e-01 4.125306813424180596e+00
7.892629516898027608e-01 4.209074747617902013e+00
8.072891637148997823e-01 4.282675060311209592e+00
8.268691006229489382e-01 4.352588607405028398e+00
7.953959705494042520e-01 4.412812276765114561e+00
7.202322704127860353e-01 4.468093324024346558e+00
6.530499369791754605e-01 4.518037695829872469e+00
5.866135118991294695e-01 4.566804224377285948e+00
5.334114488149942490e-01 4.604417443447865743e+00
4.830127469160370723e-01 4.647299057178820192e+00
4.361697003324282451e-01 4.676028605314348496e+00
3.927904035699981700e-01 4.707731434907114654e+00
3.561875868379865695e-01 4.735725471257743457e+00
3.230279077552734024e-01 4.759263269797719076e+00
3.408837154162387972e-01 4.784753922049959307e+00
4.028274094004539729e-01 4.804019095469961975e+00
4.596113972875596754e-01 4.825316824044070252e+00
5.104098838283125383e-01 4.839483015863228488e+00
5.594540550930500178e-01 4.855596576473112158e+00
5.976407009340684029e-01 4.869026015239914074e+00
6.372799456376296856e-01 4.880843178668049731e+00
6.736381903427575146e-01 4.892211327239071927e+00
7.060649246507573196e-01 4.905100426517246426e+00
7.285238235618874958e-01 4.913415292671148293e+00
7.110101110392951229e-01 4.919898181965140616e+00
6.403091448376806438e-01 4.929517454752097905e+00
5.800244243113066300e-01 4.937867513216606774e+00
5.277531315918391197e-01 4.942675650402340359e+00
4.732627898998900129e-01 4.949032271919294068e+00
4.306880406492857860e-01 4.951173305198261154e+00
3.875893913847601180e-01 4.955567336175870530e+00
3.511311721455142587e-01 4.961715937957017708e+00
3.164977385647798069e-01 4.964738728574791260e+00
2.886380052562544929e-01 4.968348662764735302e+00
3.066772308693729299e-01 4.971804530523479038e+00
3.763728216772605495e-01 4.972898613701405957e+00
4.335186259505175443e-01 4.974753062402590409e+00
4.912517576574034206e-01 4.979418392962487339e+00
5.372928409393433746e-01 4.982051926784918372e+00
5.815621300138931193e-01 4.981695530260560112e+00
6.210770040781601331e-01 4.986023561348066124e+00
6.567815206473008871e-01 4.985052595833947109e+00
6.898696211832366920e-01 4.985587687837523596e+00
7.232741389341168503e-01 4.988830588861521420e+00
7.005328003621698052e-01 4.987684463678332847e+00
6.308213109637658134e-01 4.989178130389152699e+00
5.711997486940711966e-01 4.990502125496816710e+00
5.196154145947907699e-01 4.991017446148245718e+00
4.694015069332900247e-01 4.992788127822913147e+00
4.218855162081440735e-01 4.991712984380618501e+00
3.812807357850605539e-01 4.993880986312033698e+00
3.466967554489240877e-01 4.992110516527907826e+00
3.113701251225579059e-01 4.995432214838531948e+00
2.849075484252812096e-01 4.998034752570769790e+00
3.036671489379155764e-01 4.995584359630655058e+00
3.723922694766199082e-01 4.993911543734486536e+00
4.299079813688760354e-01 4.997228761192660684e+00
4.860696387043177413e-01 4.996377894442429302e+00
5.351340605334217182e-01 4.997727674777197038e+00
5.819959427337584312e-01 4.997044950639994099e+00
6.177786852974578302e-01 4.999182881116984056e+00
6.541386590830201575e-01 4.998421792954173881e+00
6.868899623698313528e-01 5.002359880014933147e+00
7.175388416634774780e-01 4.997540234897092759e+00
6.977573309464831786e-01 4.996960417391658638e+00
6.305675895752318461e-01 4.998680453992150774e+00
5.688572703277727793e-01 4.998707038574442763e+00
5.168247293798342579e-01 4.997556922163051141e+00
4.669484923426135969e-01 4.996773890539891738e+00
4.210544664041876994e-01 5.003323898302590500e+00
3.829435043046927056e-01 4.998907022024233981e+00
3.455830397718526736e-01 4.999758434894215675e+00
3.123950580298812674e-01 4.999425474754081833e+00
2.831464655280424014e-01 4.998920708958095815e+00
3.059441645278239696e-01 4.997822196198852929e+00
