2.5 2.5
2.451290280251959608e+00 2.154935859688148714e+00
2.407474691020357493e+00 1.850372072622567643e+00
2.370933643141855285e+00 1.563107494273227038e+00
2.337954224279703563e+00 1.300962801155645110e+00
2.309987420110940270e+00 1.062675494160698619e+00
2.287012494698051235e+00 8.361873270642469214e-01
2.258782603494419394e+00 6.386972668459339753e-01
2.233668941526961049e+00 4.816100980832221934e-01
2.210860670088164781e+00 3.708457752753700487e-01
2.187072773416587346e+00 2.994679740843012583e-01
2.164293889712546104e+00 2.534607179579779768e-01
2.138021059882726949e+00 2.273655845474675252e-01
2.116781875186932282e+00 2.135241638518154683e-01
2.094714904010619438e+00 2.040102049718292010e-01
2.072859720080513224e+00 1.999302173144936468e-01
2.052541137082542377e+00 2.023998208474153404e-01
2.030074484386324318e+00 2.048163248647881796e-01
2.011676359065125208e+00 2.062824885264126218e-01
1.990383977334138521e+00 2.095439769435311905e-01
1.971226567423322695e+00 2.143197305844829759e-01
1.953539854035945877e+00 2.202643295931154543e-01
1.933725605925376012e+00 2.264756197956374340e-01
1.915691554374894023e+00 2.320853691852198808e-01
1.896263860711191684e+00 2.364994599449307122e-01
1.879707097728972709e+00 2.421478668397395451e-01
1.861354270451545112e+00 2.501067735757211419e-01
1.844543260329865708e+00 2.560690201634751029e-01
1.825469352928620337e+00 2.650137124725288618e-01
1.812405797834144572e+00 2.704123097353770544e-01
1.795646512816037932e+00 2.794243270752026498e-01
1.781174333735247473e+00 2.880020905075404425e-01
1.762925781652961765e+00 2.971692481868353219e-01
1.747802684660604955e+00 3.059828986849802979e-01
1.733853871464660967e+00 3.191444947750319283e-01
1.717305155829603303e+00 3.310006339720046320e-01
1.703895330132665142e+00 3.412632910331777070e-01
1.690966992618328835e+00 3.528886050092833182e-01
1.676641039285030610e+00 3.681907596599552357e-01
1.662717642291332565e+00 3.819023203374090625e-01
1.651626706951553558e+00 3.993573483628351517e-01
1.637648971724617208e+00 4.150178800609576335e-01
1.628010853762635879e+00 4.358791087218774618e-01
1.614762515378549423e+00 4.566953690813644329e-01
1.600057165764471989e+00 4.818934101892973221e-01
1.585977111967278974e+00 5.047553444236543285e-01
1.576489272870180036e+00 5.382333008879839342e-01
1.564319424578909601e+00 5.668626967619666557e-01
1.553203233373887882e+00 5.981512386170079187e-01
1.545837649640684930e+00 6.312621170334254961e-01
1.532735070987488957e+00 6.635890011748240003e-01
1.521375371328268278e+00 6.986762303471638624e-01
1.504717505770037045e+00 7.393613169298460797e-01
1.484302778340333084e+00 7.775667370333394501e-01
1.462196935994567459e+00 8.213981700433056199e-01
1.432220927243742947e+00 8.688574657139361834e-01
1.403396057167903388e+00 9.206700574192367981e-01
1.376985292192526078e+00 9.731615678178436868e-01
1.349881305940429543e+00 1.028343273870561125e+00
1.324865095183786368e+00 1.088050413413559347e+00
1.297635183539943560e+00 1.145557863403054544e+00
1.270912297400483615e+00 1.206307673961830362e+00
1.247643839278947286e+00 1.273776812111654833e+00
1.222254947965846661e+00 1.333738461600142200e+00
1.194424626610979479e+00 1.400723378327258128e+00
1.174695995474414945e+00 1.464139719683724472e+00
1.152279237420310576e+00 1.529526189306285033e+00
1.125012936892358928e+00 1.590504383706510039e+00
1.106634471676374076e+00 1.657696544887985457e+00
1.083504403641398328e+00 1.723003535869749747e+00
1.061128014361458538e+00 1.783098138468186544e+00
1.041847735085222215e+00 1.845391867488245685e+00
1.019620251959441504e+00 1.909308827396444252e+00
1.001685591037850154e+00 1.972015899790072302e+00
9.796486576530403223e-01 2.035121185972805335e+00
9.617474167453015088e-01 2.091214230925834805e+00
9.429715287762973075e-01 2.147216184476734124e+00
9.265607799211095230e-01 2.203827641108183855e+00
9.081910240797292921e-01 2.258114985087474214e+00
8.880966203271093429e-01 2.309938591763085469e+00
8.698433221453258923e-01 2.365766872236693796e+00
8.534814309746782124e-01 2.412274244306132687e+00
8.341884256310465595e-01 2.467302706533936352e+00
8.176525184748353325e-01 2.514926407615318826e+00
8.017674362783269171e-01 2.566699402426936061e+00
7.865851233064531378e-01 2.613619686225526539e+00
7.737929117460048412e-01 2.663281306588147324e+00
7.580740550060434124e-01 2.710398632523185025e+00
7.402624261317398702e-01 2.752285138814779764e+00
7.260865847814229612e-01 2.797203178316925776e+00
7.080856750078634576e-01 2.840923351413127129e+00
6.965268266873044789e-01 2.884610931665661404e+00
6.869186607410262546e-01 2.927993168653044265e+00
6.695406557648743151e-01 2.968564773586927164e+00
6.548532584948807411e-01 3.009960728810914254e+00
6.421926587795548924e-01 3.049623830950832115e+00
6.320971083500998011e-01 3.085487665428065185e+00
6.170683361140800738e-01 3.126226334342277369e+00
6.049549782173936352e-01 3.162876108959072230e+00
5.964233743348152927e-01 3.199667385154458810e+00
5.828072524110332608e-01 3.235076924304011392e+00
5.748717527635666125e-01 3.268222023944496790e+00
5.679948988660507014e-01 3.303695836879205316e+00
5.643046988812108200e-01 3.334276963083470324e+00
5.680293400591258646e-01 3.370149846573576191e+00
5.757765253068042322e-01 3.403774766524240381e+00
5.834013088378939837e-01 3.431001588099353405e+00
5.925192095818504479e-01 3.465599151097835673e+00
6.005806483768443282e-01 3.497323191377540219e+00
6.078717045863222257e-01 3.523311863374725572e+00
6.133749478788194098e-01 3.552387659642169737e+00
6.239258614863081309e-01 3.580174498386650139e+00
6.306315459815818869e-01 3.610180401652887561e+00
6.383686075220326162e-01 3.635772846652595813e+00
6.452020977805156265e-01 3.667834089298091627e+00
6.533554241296861687e-01 3.690969599955325364e+00
6.570199696961313007e-01 3.717160669971594888e+00
6.678849428622031237e-01 3.744347830475593941e+00
6.707556153307309144e-01 3.766445892605123191e+00
6.780689681633289556e-01 3.793279536378658001e+00
6.845043442717401172e-01 3.817012102578712263e+00
6.910618716614319590e-01 3.839098220777449111e+00
6.973574994111334524e-01 3.863765387171940624e+00
7.048555023141329645e-01 3.887750071026817800e+00
7.102582756256197172e-01 3.907714396145109070e+00
7.147305772720610184e-01 3.927515097190285243e+00
7.202833158200089292e-01 3.954042464108323163e+00
7.313657457533315753e-01 3.970738365127911340e+00
7.327733685324527846e-01 3.992219631536916502e+00
7.355944036690528209e-01 4.010026223348615915e+00
7.437359254527963204e-01 4.030537758393343495e+00
7.489431787659729389e-01 4.048415368443542661e+00
7.552853143262002744e-01 4.069838476552152251e+00
7.589567512517427783e-01 4.088654262878025136e+00
7.623731953911498938e-01 4.107348076285033400e+00
7.679393619622792988e-01 4.124114031613702380e+00
7.691946461816161484e-01 4.139732069183011731e+00
7.773359008826374872e-01 4.158755076177412136e+00
7.807959849947676556e-01 4.175687469468599922e+00
7.867437979546566540e-01 4.189879159246682860e+00
7.916010894870045833e-01 4.206428784858205816e+00
7.948888115846921565e-01 4.221334137653487417e+00
7.987012239759658794e-01 4.238253299651638883e+00
7.982990160251998146e-01 4.253332079230947471e+00
8.044561211441022541e-01 4.268240131098609780e+00
8.098716957033980091e-01 4.278011778382045271e+00
8.140763180967380830e-01 4.296466857465430778e+00
8.175257686296246717e-01 4.310496178187062988e+00
8.179676726034059708e-01 4.322315569075491304e+00
8.256637031802617210e-01 4.338443485283717926e+00
8.272405748709695805e-01 4.349164004166865993e+00
8.301731123394634482e-01 4.362806673068130081e+00
8.249314841878888638e-01 4.375221749841234242e+00
8.202407391652286606e-01 4.387408154732233889e+00
8.103012396528265215e-01 4.400601003821573265e+00
7.956012435398081006e-01 4.411602416220773648e+00
7.786585770413830820e-01 4.423511431750284828e+00
7.645467668094885205e-01 4.437654065337294007e+00
7.488091985505228587e-01 4.448004895014157967e+00
7.330252769772382937e-01 4.454513268663809811e+00
7.189495550659927847e-01 4.468424403954530000e+00
7.061175954427650892e-01 4.478075469327464475e+00
6.935377909193988222e-01 4.492844783536300568e+00
6.793196446745239925e-01 4.499731938983044799e+00
6.629991321236617940e-01 4.506437555015812002e+00
6.554351226327514990e-01 4.517097483384018730e+00
6.405175697866981599e-01 4.526953121540365110e+00
6.246564339322986381e-01 4.536868495704153403e+00
6.122851411696224044e-01 4.545678779696626925e+00
6.022231705743725794e-01 4.555138980721984865e+00
5.917439893843895460e-01 4.563647475470709480e+00
5.784854559686831710e-01 4.573134298014469579e+00
5.669526588454590899e-01 4.583258856211344323e+00
5.541530977357275178e-01 4.590677340236899440e+00
5.461776130948884367e-01 4.600039159539848654e+00
5.335616520364890869e-01 4.607836061419924967e+00
5.250785916522622276e-01 4.614313679593290196e+00
5.117432942666545470e-01 4.621974758501745661e+00
5.017337117509301780e-01 4.629358852675962588e+00
4.928304005568864832e-01 4.636177439317253679e+00
4.836218000495748903e-01 4.645191907691651245e+00
4.728362892261005479e-01 4.648587513947258110e+00
4.632873558321921603e-01 4.656841360354400550e+00
4.560936520402259498e-01 4.664060192573009189e+00
4.470490142941905831e-01 4.671917962536372038e+00
4.384687963957603074e-01 4.676723582100076548e+00
4.278536745217721982e-01 4.682937288710857793e+00
4.194348523074031276e-01 4.691567805395342461e+00
4.130084250616733454e-01 4.696907235507163492e+00
4.054008235196898124e-01 4.699509441874972993e+00
3.961642187372011459e-01 4.706753726167610452e+00
3.871074061238350961e-01 4.715434682855481618e+00
3.789979097417970344e-01 4.718450953843510653e+00
3.722976271684688143e-01 4.723904837279126134e+00
3.633491614119007673e-01 4.730321371731989188e+00
3.580256620276903168e-01 4.735798995811512313e+00
3.512015996599998080e-01 4.740376147927081618e+00
3.428330343196800412e-01 4.746453719216584766e+00
3.368847201747764419e-01 4.750957718439984490e+00
3.309480886324973059e-01 4.755403489143728457e+00
3.242973114726160344e-01 4.759144484633782923e+00
3.199036897851802452e-01 4.764950051067955883e+00
3.187659146793047071e-01 4.772410430917244817e+00
3.225098407519031984e-01 4.774495633497905622e+00
3.292730798058499664e-01 4.779684661022741032e+00
3.412729444434304815e-01 4.786154952460446310e+00
3.532189915029619320e-01 4.786384439766827370e+00
3.695987626241293844e-01 4.790977713783387770e+00
3.796657079196731899e-01 4.795974364844819426e+00
3.908601157002971060e-01 4.798930189145674596e+00
4.024934189883466185e-01 4.804494764155641029e+00
4.128310341303645381e-01 4.810252504089322478e+00
4.284524644132391424e-01 4.811845053975289055e+00
4.400625790596153775e-01 4.815068874471760907e+00
4.500652239623599282e-01 4.815446395497067655e+00
4.591799496338034858e-01 4.824340236998421183e+00
4.702820342517532448e-01 4.825598880079748021e+00
4.800950528511562232e-01 4.830267476254508807e+00
4.907149656890316680e-01 4.835460128201621188e+00
5.022291581960022233e-01 4.837577551122707042e+00
5.108050418700545992e-01 4.839821660530392755e+00
5.210012508614114690e-01 4.842266861528147004e+00
5.309905421569842687e-01 4.847435221007229345e+00
5.390083422230037558e-01 4.850469950303810229e+00
5.501044799795247187e-01 4.852084150470007629e+00
5.581544371911201230e-01 4.851907383610331692e+00
5.640618696476525917e-01 4.856766286811066813e+00
5.719672198129089891e-01 4.861058549287390562e+00
5.836492339317052025e-01 4.865033196529016557e+00
5.931779326607581337e-01 4.868826273622112843e+00
5.993107622817592794e-01 4.869260964574443129e+00
6.076219402645024470e-01 4.870960714966549254e+00
6.170302746478580902e-01 4.877752817449530376e+00
6.241460459249502657e-01 4.874172016332503965e+00
6.308680654966188905e-01 4.879946538940421519e+00
6.372503229628111443e-01 4.877956461858367732e+00
6.484833572420611869e-01 4.884599020895628030e+00
6.533641954577330546e-01 4.886386037789381298e+00
6.576996099646363891e-01 4.887261958582868715e+00
6.682924527912382784e-01 4.890954400272217839e+00
6.750684754172701085e-01 4.894098883108428666e+00
6.770507496591727792e-01 4.892806770911279024e+00
6.873813199275825570e-01 4.895479258183158322e+00
6.913334253528982121e-01 4.898217549968411966e+00
6.974302706401507290e-01 4.902331378303014020e+00
7.041446919016609574e-01 4.899931564695283903e+00
7.107461815862976540e-01 4.905470783834907422e+00
7.162588731935798370e-01 4.907798058366450888e+00
7.230526900936773416e-01 4.906386861723580850e+00
7.271062163166341907e-01 4.908222802170104870e+00
7.327027065702427233e-01 4.910902961776129061e+00
7.338359492141584006e-01 4.915465222700984960e+00
7.338481322322135680e-01 4.913971564477867204e+00
7.299609858902725845e-01 4.918542332064959055e+00
7.196304004543974120e-01 4.919536295053153374e+00
7.091536179871156254e-01 4.920496375462299454e+00
6.937671310835539229e-01 4.922928757270698341e+00
6.786847913076480276e-01 4.922742965569958606e+00
6.634485554640379146e-01 4.923306731592343333e+00
6.525619437662710798e-01 4.928235935789966327e+00
6.420561268592951398e-01 4.926945299280951929e+00
6.265966540648891803e-01 4.928467840634114694e+00
6.152101782184082879e-01 4.931960546909829546e+00
6.055753859143852003e-01 4.929167524961809654e+00
5.924266444609559423e-01 4.935164078404108423e+00
5.806427530023662298e-01 4.933927353905755986e+00
5.676594813414150842e-01 4.932385083484335908e+00
5.598934995087115896e-01 4.937434577746476094e+00
5.424736191586968514e-01 4.935830985358000689e+00
5.378108245301292945e-01 4.941372522457247562e+00
5.256663952856212019e-01 4.939929736397044913e+00
5.129040802471789284e-01 4.939092385897677850e+00
5.065826018383933205e-01 4.943761545372779231e+00
4.947459849239356777e-01 4.941807427468136282e+00
4.848057847953042843e-01 4.945824721007396008e+00
4.783865486436367220e-01 4.946217809073231386e+00
4.699728816910987428e-01 4.945325680150952863e+00
4.553484307404708775e-01 4.948091286017104018e+00
4.479239324102951558e-01 4.948522255457515229e+00
4.391658266711510050e-01 4.948881557811714238e+00
4.299625435164293741e-01 4.952153058739317437e+00
4.235196574224719401e-01 4.955346888197753152e+00
4.143913363882744116e-01 4.953620690690458517e+00
4.037542608482767581e-01 4.952405185492346540e+00
3.961566324225005431e-01 4.955605311232797128e+00
3.895399836671706306e-01 4.957177875726493710e+00
3.803010098840172715e-01 4.954362091510933652e+00
3.734497766283419451e-01 4.957098771619707023e+00
3.657087478541934389e-01 4.961005429558976942e+00
3.573155529687515042e-01 4.960032484394347740e+00
3.543693069408000440e-01 4.958822307752085656e+00
3.456201728645689197e-01 4.964736355890628339e+00
3.377601205533778961e-01 4.961487760360631327e+00
3.304485206742414638e-01 4.964212907403219077e+00
3.239053691208167440e-01 4.963747710600059371e+00
3.203749777710358515e-01 4.962630562431230352e+00
3.153774149326218912e-01 4.965480367229571534e+00
3.057354905753358887e-01 4.966599751106836713e+00
3.003805191733846525e-01 4.967410822321788544e+00
2.937129784595495230e-01 4.965302347842140307e+00
2.897622851841821223e-01 4.968137554890390994e+00
2.862837018465572703e-01 4.970887657506560586e+00
2.851131231641638175e-01 4.968912476630306330e+00
2.909373395423461850e-01 4.969676757659049926e+00
2.985882706103710205e-01 4.970932729360712621e+00
3.076740653844735607e-01 4.969946400884327709e+00
3.242249925298879565e-01 4.970084331539482037e+00
3.364209511654503437e-01 4.973844651730544797e+00
3.490753228823588739e-01 4.972667613908718032e+00
3.637784269220417088e-01 4.971583665195272062e+00
3.745573477271910701e-01 4.973972782920363933e+00
3.837851199259161850e-01 4.975665923569156490e+00
3.997571058589716730e-01 4.974859877829182153e+00
4.119909887181081309e-01 4.974078354534186452e+00
4.265412671811961709e-01 4.974613641218158300e+00
4.353448239124367847e-01 4.974155201720526165e+00
4.489956926835975692e-01 4.974606259928386898e+00
4.575719078332606271e-01 4.974814342617193574e+00
4.682871921782034708e-01 4.977492070225647325e+00
4.766982087272703672e-01 4.979099811062559056e+00
4.876437410987448096e-01 4.978232177898143540e+00
4.996472815248782506e-01 4.978953240031399829e+00
5.081459833219734712e-01 4.978910398732552700e+00
5.194111095033475678e-01 4.980557300216833738e+00
5.273389630767278957e-01 4.978938718171399991e+00
5.366660394967138759e-01 4.981621187677582441e+00
5.463481565715995192e-01 4.980805856748879101e+00
5.555244952076188181e-01 4.980772768449636345e+00
5.619191475056257712e-01 4.978702074721616633e+00
5.714725994004957732e-01 4.980597830678794580e+00
5.825791286302828276e-01 4.983361801523828127e+00
5.883416987784373386e-01 4.983414717467950616e+00
5.973516065587315405e-01 4.983130236682185021e+00
6.043213132135920596e-01 4.983702177155285185e+00
6.142300550650658941e-01 4.984405004681365270e+00
6.213745153635928942e-01 4.985445304185922133e+00
6.282730821573256907e-01 4.983476365560248311e+00
6.367122190263841963e-01 4.986475552738323991e+00
6.428369632423925895e-01 4.985831757627900984e+00
6.498302843080608904e-01 4.988644174536164044e+00
6.588901265698813292e-01 4.984412079454713762e+00
6.653491059140831387e-01 4.983730135850195531e+00
6.702998020619416186e-01 4.987545306979040305e+00
6.778998982522833616e-01 4.984415326090569032e+00
6.849294726034160785e-01 4.983586892279133096e+00
6.887174337331485319e-01 4.985782626590315125e+00
6.967380103054682250e-01 4.987188910794777996e+00
7.023933878798592767e-01 4.988147416542356716e+00
7.073325638693008788e-01 4.986715914623033541e+00
7.140199291756745836e-01 4.989189587317027552e+00
7.187652965155140183e-01 4.990711673842689322e+00
7.244798796231691762e-01 4.987967331927115389e+00
7.218559148218354204e-01 4.990029537939236093e+00
7.175338430333498829e-01 4.989983426008595124e+00
7.086929156964165699e-01 4.990819594739297038e+00
6.977926218002749037e-01 4.988543803447850422e+00
6.836499370509456774e-01 4.987697784096259745e+00
6.700582873260712002e-01 4.990374655935981174e+00
6.562209826051149664e-01 4.992343210315253188e+00
6.432896640947007860e-01 4.989013821804411997e+00
6.301123620368254130e-01 4.992072388451419762e+00
6.213939848582415992e-01 4.989441525256931520e+00
6.025607395834713387e-01 4.987999834003871591e+00
5.964086959975301028e-01 4.991984233043373465e+00
5.824893177397792998e-01 4.990050986113575782e+00
5.705186495672092128e-01 4.992560628950737822e+00
5.597025691540435943e-01 4.994169144829130325e+00
5.484719754116873514e-01 4.990015110893163630e+00
5.370901092958693113e-01 4.991616990046877866e+00
5.265715534306693035e-01 4.991242541875116068e+00
5.142522444859524144e-01 4.993651485151929137e+00
5.083526636642039520e-01 4.990627141218118901e+00
4.949126219451271402e-01 4.994045517630992137e+00
4.876335237670381129e-01 4.992415115967625105e+00
4.797991260686753079e-01 4.996066785666620547e+00
4.665338080916847652e-01 4.991234160838689426e+00
4.565317002757210418e-01 4.992037396454795939e+00
4.514133890384607328e-01 4.991783422801135295e+00
4.436839151144502669e-01 4.995135425685615083e+00
4.309380234802420162e-01 4.993592078101933396e+00
4.246599431640925015e-01 4.991222241701724904e+00
4.162282806593007867e-01 4.993443728962053463e+00
4.071591553968860744e-01 4.993661584975394696e+00
3.989694451197668967e-01 4.992674410076188174e+00
3.901146029145333149e-01 4.995927395020263617e+00
3.852150836888649788e-01 4.995535828263053091e+00
3.720257108850306138e-01 4.995020623446133179e+00
3.678108899323471181e-01 4.991062652626633955e+00
3.623693820818045253e-01 4.993533002224145534e+00
3.524897086092391163e-01 4.993355820282404878e+00
3.455142496285377174e-01 4.993868284186827822e+00
3.419329299905866648e-01 4.994120234536147507e+00
3.331592955149175750e-01 4.993768297066595530e+00
3.288217884755875731e-01 4.995674695083790695e+00
3.218858869968160841e-01 4.996494677640717086e+00
3.127873572473731101e-01 4.996701131993877887e+00
3.050800353296570511e-01 4.995492986456769202e+00
2.994843734728422358e-01 4.994048478237059108e+00
2.962387139662129298e-01 4.996943301346918886e+00
2.874091657736231875e-01 4.996694423811215202e+00
2.826840630984690517e-01 4.995722386160961648e+00
2.781764501896294428e-01 4.996051751332990953e+00
2.819774713396554500e-01 4.994228649965565481e+00
2.841023840477503448e-01 4.997837600249366297e+00
2.929982550903345584e-01 4.996530556252321453e+00
3.054692905123640445e-01 4.994176257983468759e+00
3.227123348178645434e-01 4.997018697528551989e+00
3.324668777283216747e-01 4.995757727970837614e+00
3.452595239722036080e-01 4.994623740278031576e+00
3.611060109495739523e-01 4.999151470896951110e+00
3.721677726990407775e-01 4.998215017480353239e+00
3.854135128586265169e-01 4.996794854830215016e+00
3.963364563598368306e-01 4.997275136812705298e+00
4.043718881015996858e-01 4.994916454008679452e+00
4.214948393536419036e-01 4.997041982709527375e+00
4.287230126119530027e-01 4.998575868120499699e+00
4.395010591135402045e-01 4.997810579860026081e+00
4.532202538314644147e-01 4.996158036532001745e+00
4.634963476288717632e-01 4.998165670979712871e+00
4.731131124012505351e-01 4.997437815264156313e+00
4.849097640025766265e-01 4.997374437758055343e+00
4.961175327873255103e-01 4.997304986288961359e+00
5.081965726005216455e-01 4.998584441825165037e+00
5.150997778652806058e-01 4.998075127068962509e+00
5.260990663971740755e-01 4.996838750327195378e+00
5.339033479310325570e-01 4.998916755716960481e+00
5.442390739467390937e-01 4.998273481699768261e+00
5.522867325649953862e-01 4.996985414558460015e+00
5.589789392622224184e-01 4.997685319750637234e+00
5.714427903110353979e-01 4.998311638605375862e+00
5.767332027271250272e-01 4.996812086725479496e+00
5.836135977133126707e-01 4.998615250725594983e+00
5.945786556502138387e-01 4.995074781160192323e+00
6.024651719093689906e-01 4.995955179630533927e+00
6.113437276013624633e-01 4.999224795302921187e+00
6.176257947242168589e-01 4.997016178724502211e+00
6.270528359075594471e-01 5.000074539739748580e+00
6.337836432135643960e-01 4.994649171455182390e+00
6.409333787343868272e-01 4.998135767692438947e+00
6.451158764884146191e-01 4.998770910832041281e+00
6.566043313688898486e-01 4.997682045608147661e+00
6.620468903457580323e-01 5.001106184982073266e+00
6.675598883990776500e-01 4.997742778225307880e+00
6.754655034826395621e-01 4.997859867732152850e+00
6.821872862278716143e-01 5.002375564460077584e+00
6.861928846942153548e-01 4.997101647689397907e+00
6.945970397628928872e-01 4.998852573364761298e+00
6.998091303974943722e-01 5.001592294075029699e+00
7.051185241153232752e-01 4.998654438969939662e+00
7.142782096407485071e-01 4.996812033939573183e+00
7.177297631833829961e-01 5.000721651624672859e+00
7.223973714743344710e-01 4.999331380223099863e+00
7.197065877516432009e-01 4.996032859285343797e+00
7.159843164050559983e-01 5.000885977679682348e+00
7.085386700475190258e-01 4.999000748276932526e+00
6.966144774666601647e-01 4.998528411465560595e+00
6.813198507287117067e-01 4.998735024689751505e+00
6.671076101554579418e-01 4.998127396757308993e+00
6.554581271478817639e-01 4.997798541665106065e+00
6.431320034890080084e-01 4.999682265500314138e+00
6.312826242188447345e-01 4.998586751165181141e+00
6.180155860729874551e-01 4.999192394722131283e+00
6.043924792615678054e-01 4.998302520717398778e+00
5.954175739331830641e-01 4.998176265005175090e+00
5.820612696300526689e-01 4.998097967592038948e+00
5.713346860481877121e-01 4.998867934653567602e+00
5.597415726847897455e-01 4.995617481360222101e+00
5.455704326248551617e-01 4.997412516370006941e+00
5.410231064061729045e-01 5.000138000251642900e+00
5.260990494451240895e-01 4.999190651447220191e+00
5.156261938730460903e-01 5.000566471107495303e+00
5.044312357389341139e-01 4.998879581216879586e+00
4.971742299371760265e-01 4.997151227787743899e+00
4.855264543743329497e-01 5.000298009269922517e+00
4.763229428806449728e-01 4.999547358024813981e+00
4.679208126401504519e-01 4.999405807863535500e+00
4.570690072058042897e-01 4.999384632932181383e+00
4.491950658997979073e-01 4.999360857018154469e+00
4.388067817364234013e-01 4.999787485218702976e+00
4.295500086062160050e-01 5.001453089577733380e+00
4.189337199007391876e-01 5.000708122985010995e+00
4.157332077020564065e-01 5.000249865360118839e+00
4.030479201373996512e-01 4.999119972710920123e+00
3.968345199100470344e-01 4.998432092477355759e+00
3.898605248533606460e-01 4.997504451107790402e+00
3.818674633919090788e-01 4.999482014074014380e+00
3.730074446380022835e-01 5.000806872469987674e+00
3.696148568564084358e-01 4.997631845290952057e+00
3.565890708045323376e-01 4.999963509555909624e+00
3.524616035841471873e-01 4.998655811644083791e+00
3.452669058797701584e-01 4.997454364518447711e+00
3.373197718120908295e-01 4.999691966274037114e+00
3.290692851085799120e-01 5.000561295650539861e+00
3.251755368280279668e-01 4.999376371524413720e+00
3.185844210512655539e-01 5.000384163886677946e+00
3.143598705272961924e-01 4.999355961711287932e+00
3.055846048214044819e-01 5.001938149522255905e+00
3.005938214316388746e-01 5.000331955063735734e+00
2.952170262825444258e-01 4.998891651165117800e+00
2.881205722842815620e-01 4.999001456777791397e+00
2.815821060106798446e-01 4.997762811540614081e+00
